235638594
236663173
103525357
127804001
235640238
234137313
104773945
235642800
234137454
235643459
234140373
128128939
141112345
235663004
234140542
128160766
234141149
235677820
128266533
235681279
234142766
128285081
235689100
234144059
141241269
234144519
235701750
234146458
235724678
234147300
235738991
128605125
80349785
235747420
234147570
235758198
234147802
128969787
141536646
234149701
235786262
129045518
234149853
235793695
129097062
234151282
234151722
235797038
234151832
235800613
234152253
235806040
234154183
235815880
234154410
235816732
234155228
235823252
141684248
129998556
235843188
234160485
141715884
234160562
83416750
130021392
235874097
234161007
234161309
235877248
234164106
234166621
234166718
235890527
141953421
234166733
235901060
130315236
234169264
235923354
130362895
142323556
234171349
235939727
212203457
234174420
235941531
212207212
234175011
131125417
110304595
234176165
235949130
111018773
142412106
234177919
131213201
234180510
131292089
234181985
234182019
235983183
234182544
142547977
112662032
235985995
234184374
142753203
235987670
234185339
236004730
234185854
132060891
236008266
234186367
142963361
85740371
234187319
236011620
85740672
234187470
132523981
85740776
236030042
113319444
132921699
236031895
85740853
234187653
113392410
133026833
234188205
234188303
234189115
236066099
143463591
234196732
236068955
234197988
234199118
236093667
236095421
234199605
143665950
236104609
234199835
118246799
133606039
236124275
234201149
236128639
234201285
236133591
144032958
234201631
133846510
234201840
144268791
118681410
236140095
234202086
144272010
234202602
236158171
234204179
236175052
234204421
119028285
144407704
236182014
234205190
236182048
234205436
234206626
119371717
236190889
119372778
234207121
236192735
234208622
145158631
236193074
234209908
91329109
234215858
236193767
234218852
119540344
236229578
234220355
236248830
234221301
134969524
236288085
234222807
234222901
236309765
234223383
145840568
234223977
236341347
234224432
236358310
135382598
234224796
236370177
135388647
234225165
120318500
236415293
234225506
135437473
120333660
234225842
135505851
236470018
234226408
121052136
236479362
234227856
121142943
236482004
95292973
234228055
121313424
234229022
236530371
121349724
234229239
236539305
234229334
236545780
147207175
234229570
236568763
121710343
234231925
236573573
121736745
234232617
147497332
121857699
234232802
236580245
234233048
236582002
234233439
236603504
147609014
234236265
236615765
234237341
234237577
236632218
122707541
148086379
234238519
236633239
136235586
234240718
236664527
234240803
122729133
234241048
236671328
136542844
234241131
136608907
236671843
148440219
234242896
236679188
234243452
148733049
236680753
234244078
136746554
236686096
234244333
136761715
236689817
149154558
234244607
97598931
236691134
234244679
149351038
234245440
136878848
149563164
234246969
74884838
149586904
234249002
75011055
137125787
234249340
234249646
234252181
149711142
124145840
234252993
75542240
234253714
124185450
75542666
234254954
124314725
75543737
234255339
149821272
234255924
75546222
234257482
234257949
149999025
137718042
234258470
150057195
234261135
150073565
234261903
150425333
234262214
234262492
150567870
234263134
99689786
99715172
234264392
125881005
125929970
234265424
138069912
234266618
236291666
138118100
234267883
126024227
99909889
234269326
138189339
126201037
78004021
234271111
234272330
126462614
234273144
234273284
100046761
234273599
138385096
234273606
138390914
234273764
234274292
234273861
126899010
234274702
138503804
234416266
100526771
234275471
234416581
126908113
234276512
234417179
126947150
234276775
234417543
234277467
234417609
234281334
139042826
101223029
234417713
234281610
139065935
234418493
234281620
139344096
101326999
234420126
234281870
234420322
234282894
234421885
234283437
234422439
234598318
139433012
234284702
234424194
234599914
234287655
234599942
234786194
234424468
234288387
234786311
234603830
234424887
234788383
234288897
234426116
234977010
234604065
234977051
234789301
234427603
234604661
234291060
139618637
234427656
234790062
234977117
234605531
234292855
234428210
234793920
234979628
234296436
234607096
234428464
234794118
234979920
234607920
234296639
234430282
234795327
234980223
234609133
234297879
234433309
234796068
234302664
234980547
234609514
234434438
139752783
234304379
234981261
234796159
234610811
234434501
234610910
234304577
234796591
234981870
234304917
234611152
234434551
234982556
234799978
234305943
234614738
234452765
234984531
234801053
234306397
234617962
234453480
234984546
234801229
234307680
234618230
234455441
234801928
234985085
234310713
234619962
234458743
234804112
234985445
234312015
234620542
234459497
234804941
234985856
234313832
234459733
234621683
234806163
234986177
234313919
234459801
234621923
234809106
234986559
234314939
234460054
234622261
140084493
234987359
234809867
234316367
234460248
234624558
234987460
234318734
234810543
234460766
234627014
234988426
234461101
234321550
234812850
234628776
140237257
234988448
234815440
234461561
234322497
234628944
140263303
234988556
234816365
234632469
234461589
234322915
234989155
234816388
234463422
234636134
234323285
234991003
234817612
234324615
234639388
234463692
234994215
234326145
234817941
234464671
234640168
234995030
234326925
234641526
234818622
234466148
234995761
234327119
234466905
234643213
234819985
234995914
234328941
234467338
234643531
234821403
235157324
234996438
234329751
234643594
234822290
234467479
234996676
234330247
235160228
234822767
234467687
234645057
234330515
235161762
234997584
234645070
234469441
234823004
234332620
235162533
234997823
234645340
234824995
234475804
234333204
235163931
234997838
234825469
234478709
234646691
234333963
235168142
234999211
234827276
234646724
234479372
234334376
235171387
234999513
234480274
234650076
234827308
234336238
235171985
235000135
234481171
234827655
234650762
234336967
235172863
235006641
234481925
234651198
234827891
234338180
235006784
234483495
235175342
234651221
234828096
234339312
235008347
234485685
235175464
234651404
234829603
234339856
234486271
235009003
234651562
235176002
234829883
234341010
234487157
235010430
234665082
235176007
234831596
234341488
234487447
235011196
234665616
235176530
234832778
234342075
234666668
234490836
235013534
235176853
234834040
234666758
234343043
235013709
234491245
235177079
234834185
235015309
234667608
234344075
234491493
235177599
234837760
234669532
235016629
234344705
235179439
234491740
234838429
234669802
234347843
235018241
234493038
235179800
234840220
234670006
234348011
235020209
234494253
234840243
234670524
235179989
235020332
234348875
234494808
234672244
234841757
235181026
235020570
234348880
234500325
234672330
234844353
235181395
235021862
234349023
234500542
234672778
235181769
234845216
234350111
234500928
235022939
234675571
235182052
234846263
234350802
234504085
235023940
235184088
234676126
234847214
234505549
234351040
235026461
234847439
235186867
234677763
234351631
234505619
235026649
234894222
235187941
234678177
234352042
234506041
235026798
234679805
235189208
234894522
235027058
234353857
234506541
235189913
234680250
234897015
234355685
235027137
234509208
235191003
234898819
234680522
234510645
234357393
235027555
234899063
234680708
235192922
234511326
234359535
235029059
234682114
235195735
234899479
234359900
234511802
235029141
234682332
234899940
235196470
234360251
234513564
235031803
234902742
235196744
234683572
234361022
234514052
235031867
234902762
234686224
235200482
234517101
234361165
235033216
235200709
234903637
234687981
235034821
234517201
234361746
235200763
234688004
234905671
234362754
235034833
234519076
235201214
234690011
234905706
234363010
234520745
235035705
234690156
235201288
234906601
234522835
234363046
235037495
234907907
235203350
234525444
235048595
234363567
234908644
235204219
234692162
235049786
234365314
234528917
234693821
234909080
235205332
235049923
234367250
234529041
235207254
234695309
235050705
234367271
234529670
235208044
234697162
234910517
234367366
234530683
235208733
234910960
234697423
234367871
235053190
234536822
234911511
235209282
234700080
234368471
235055042
234537296
234702329
234912954
235209454
234369854
235056257
234537451
234702994
234912955
235210507
234372015
235057185
234540237
235211631
234707054
234912963
234373867
235058568
234540630
234708256
235212459
234912969
234378508
235061133
234540984
234708958
235213496
234914711
234378656
235063137
234541427
234709759
235214409
234380711
234914778
235063480
234543176
234710219
235214913
234380882
235065221
234915297
234543359
234381297
235215440
234710270
234916683
235065322
234543657
235215495
234382846
234918386
234721961
234544665
235216362
234722542
234383324
235067145
234919755
234545474
235216369
234383508
234723220
235067417
234919794
234545752
235219209
234723455
234383527
234920347
235069359
234548944
235219518
234727450
234920865
234384185
235070409
235221956
234550077
234727881
234384671
234921897
235071147
234550871
235222704
234727958
234384761
234922254
235073404
235222858
234555426
234728756
234388196
235073889
234924398
235223673
234555721
234730532
234388280
234925777
235075663
234556226
235225703
234390236
234730636
234926147
235076877
234557589
235229087
234391654
234730768
234927695
235077233
234558712
235231190
234731217
234928242
234392981
235081633
234560287
235231988
234732322
234393512
234928499
235082437
234560814
235232032
234732744
234393785
234937219
235084518
235232595
234560893
234733132
234395002
234938506
235085529
235234339
234734803
234561022
234395946
234939249
235087907
234737309
234561595
235237161
234398225
234940899
234561880
234737687
235237686
235088339
234398580
234941550
234564006
235237932
234740872
235088724
234401416
234942036
234565728
234740896
234401817
235089324
235238615
234942700
234565917
234741114
234402420
235091593
235238790
234943329
234566564
234741964
235092568
235238952
234943716
234567769
234742097
235093381
235241832
234402983
234944567
234568357
235093632
234403632
235243657
234569263
234944956
234404520
235120919
235244757
234569281
234946254
234744735
234405005
235121406
235248321
234571168
234946813
234745330
234405569
235121964
235248664
234573103
234947241
234746064
234407292
235124508
235248670
234573355
234947576
234747315
235127287
234407396
235249564
234577122
234950954
234748002
235128039
234407446
235252163
234580784
234750450
234952830
235128178
234407586
235252517
234580794
234954238
234750609
235129654
234408392
234582125
235256594
234958988
234750928
234409989
235130470
234583294
235259741
234960970
234753089
235131440
234583574
235131944
235260072
234961560
234588291
234411465
235132103
235260161
234754754
234961783
234591495
234412474
235133196
235260232
234962302
234591983
234413243
235133308
235261161
234963667
234593272
234756212
234413512
235134880
235261377
234596095
234756852
234964444
234413821
235134998
235262189
234596684
234967601
234413839
234756892
235262238
235135011
234596901
234415117
234771585
234968306
235135690
235262701
234969025
234771686
235137178
235264221
234772670
234969580
235264638
235137770
234776269
234969970
235138784
235265665
234776614
234970150
235266320
235139754
234970434
234777947
235140176
234971112
235267426
234779844
235145098
234971336
235267711
234780221
235145331
234972297
234781476
235269213
235145646
234973674
234781820
235270186
235150238
234782593
235273473
234974353
235151131
234786084
235273789
234974997
235151633
235273859
234975725
235151717
235275854
234976017
235153007
234976569
235276206
235154745
234976973
235276818
235154777
235279103
235282079
235283732
235284159
235284423
235285494
235285633
235286409
235287853
235305113
235311319
235311523
235313283
235314548
235314925
235316671
235317580
235319573
235323970
235324937
235325188
235325541
235327429
235330583
235331050
235331199
235331956
235332277
235332995
