79794554
140806618
140869260
79795455
127857925
140961454
79798988
128104883
104827251
140974573
79799944
104895893
79880007
141184701
104902710
79936366
141184910
105249420
79955700
141209600
105269692
128288616
79955847
105307365
141242844
128381206
80022255
105315526
128413589
141422678
80237706
105328833
141427107
105415926
128688398
141500062
105459712
128882178
141511150
80469236
235785917
105535514
105568112
141537567
80473373
106001866
141539163
81601664
235794194
106002638
141597104
129181741
106124689
141598356
129357917
82006307
141603731
106339460
129689310
141611779
129704603
106440849
82041904
141626758
129837878
106545909
82127640
141633354
129991768
106697063
82572614
106782174
82605682
130016194
106972895
235856702
141734128
108240084
141790579
130137623
209002119
83514059
141826735
130209422
209810543
83686776
235884610
141846107
130214042
209822426
235885988
141872997
130267556
211055737
84455530
130268940
211635717
142068738
212403514
142314890
84840703
212821606
130502890
142333614
84844900
130659264
142336191
235941814
142371987
84848475
131168533
235952764
111041866
142469207
84849090
235961946
112275714
142484846
131303348
235977340
112324476
142489742
131594616
112651539
85213481
131687429
112712213
85577979
142858209
131821114
112809797
85618006
112821386
85674565
132162060
112822316
236009549
132519960
112865114
143079637
143097643
85912073
236050254
116066081
143322946
86095997
236057569
116117751
143386865
133285795
86520622
116288889
133388341
86545548
116705046
143479374
87283019
236080502
117064334
133416268
87286233
143543261
117201878
87777635
117890526
133530161
87879910
143711396
87882227
143974904
118271093
87890110
143997876
118467301
133718217
88232129
118618732
236135688
88340228
144190348
118643323
133873352
236137959
88355726
88363902
118887365
236152326
133882631
144308650
89263241
144372825
89313866
118988626
144401411
133944398
89552849
134104463
90109517
144785144
119118353
90208255
236189468
134112319
90692302
144904709
90930334
145119422
134235492
91153751
119380101
119450297
145219508
91437161
134244696
119489010
145283352
236211198
91510469
145319184
134411712
119552989
92857317
145462341
119703111
92995383
145480436
145571488
119798349
93159620
236297835
145610011
135019486
93168924
236338958
119818360
93317826
146191481
120237440
93333283
135226612
146210843
93471628
146308324
93560204
120283803
146388275
93604774
146425269
236435018
93892046
146427893
121050010
93930481
146489995
93984631
135557376
146815990
146915049
95554647
135760583
146994274
95555375
146997591
95556060
135927968
121564101
95559790
147309879
95685622
135945774
147467502
236576802
95723995
95906902
135967220
147498415
121996392
95946690
147563394
96103360
136057962
122470711
96124937
147772727
136202746
236629943
147824132
96526361
122491817
147981285
96530809
136219157
96537879
148103366
236638872
96560259
122728543
148108715
136504568
96633109
96903283
148338851
96959443
122808075
148637688
97052512
136667858
97145897
123057247
148922325
97193807
149002367
97259530
123248222
149266020
97620764
74705395
123259245
136820291
97862239
74738879
98326709
123358585
136982448
98799266
123633470
123649916
98850808
75014150
149664007
98859955
123715383
75150790
149697898
137379170
98862636
123896711
75501633
98966455
149718390
137552879
98968777
149759854
137619897
98978880
149796326
124392142
98980330
75545464
137622353
98983330
124485338
149844527
98983959
124552789
149916225
137670501
75546661
124786666
98985040
75550503
98989887
124878228
75550870
99251671
124968432
75555800
99335008
137838741
125051536
75557350
137847410
125127810
150507794
75557544
99528306
125559263
75558880
138026827
125864868
150585373
75566760
75566852
99881733
138046569
236261948
76442003
99907066
125995685
76915173
99909093
77967887
236333838
99922700
138205894
126397210
78779687
99999254
78979755
236366327
99999441
138260081
126534196
79563566
100011056
138343367
126577465
79566510
236400348
79573511
126688370
100081906
126857097
79610445
236421338
100195451
126868961
138400540
100388193
236451841
126900027
100608246
138789826
236471517
100683559
236472648
100945267
126968860
100988240
138870159
127083317
236523613
127100469
101315163
127210581
236557994
127226975
139357918
236619221
127260021
101651847
236624836
139375165
127268479
102928248
127466978
103060931
127483229
103220711
139444232
103336654
139478167
139712908
139748581
139798061
139826007
139862753
139955688
140031100
140044879
140094277
140185230
140303658
140357484
140409375
140410978
140486018
140705276
234691415
234910189
235052731
235066664
234402558
234742599
234410294
234754399
234754947
235332020
