610473934
610473930
610473937
610473924
610473973
610474024
610473928
610473932
610473995
610475201
610475185
610475387
610475228
610475254
610475203
610475320
610475248
610475238
610475263
610475206
610475244
610476369
610476380
610476374
610476370
610476377
610476375
610476383
610476366
610476376
610479324
610479304
610479330
610479307
610479325
610479306
610479319
610479321
610479328
610479349
610479320
610479311
610480313
610480314
610480331
610480319
610682963
610682965
610682971
610694157
610693010
610693030
610693011
610693014
610693022
610694170
610694161
610694163
610694152
610694155
610694167
610694162
610694156
610695946
610695952
610695944
610695949
610695938
610695945
610697800
610695943
610697803
610697812
610697816
610697814
610697798
610697796
610697785
610697791
610697790
610697784
610697802
610697815
610697795
610698711
610698725
610698727
610698723
610698702
610698728
610698701
610764776
610764787
610764786
610764793
610764773
610764790
610764775
610764772
610764771
610765897
610765907
610765884
610765893
610765892
610765898
610765923
610765886
610765895
610765909
610765887
610765904
610766939
610766940
610766930
610766936
610766938
610766932
610766931
610766924