798507
876421
886943
268945
396454
213574
402988
219379
481782
287943
415345
298519
746630
717012
764523
580300
528824
813915
677139
904980
1262214
1270172
977997
1325557
1238058
955441
1350945
1663465
1916633
1478552
1609863
1825983
1372445
1673346
1390024
1711212
1969157
1662663
1742363
2635760
2028655
2050256
2144936
2233406
2647412
2326183
1764721
2052659
2660404
2273823
2181447
2194268
2774985
2402200
3020467
2870466
2880760
3034135
2503680
3579489
3153394
3128758
3353973
3865868
3871250
3878878
4496796
4394460
3887659
4575950
4011081
4519578
4279782
4430240
3892293
4579559
4088751
4441245
4097530
4618263
3945779
4758770
5057191
4962826
4886214
4667831
4906304
5107711
5177436
5117962
5181252
5118670
4674260
4918212
4998379
5449583
5457770
5222925
5731569
5760750
5765375
5704641
5667069
5430547
5566955
5776046
5444041
6045963
5903005
6182457
5835168
6852820
5857966
6278381
6128732
6897786
6364919
6958415
6864179
6293484
6901538
6634673
6365221
6638516
6880317
6880595
7200597
6627640
7627361
7494763
7500986
7715147
7504722
7755433
7776356
7618220
8616620
7829823
7927324
8386428
8263577
8139897
8009934
8616999
8032780
8624211
8154647
7959364
7864765
8304058
8057531
8640354
8171075
7962040
8309878
7871120
8079130
8177980
8640527
7996499
8667476
8352642
8674958
7889073
8085536
8179290
7997434
8360050
8675333
8088652
8193966
8209945
8360233
8103978
8718594
8600873
8370561
8747860
9159925
8428598
9601209
9611392
8446815
9563008
9098108
9325423
9639423
8568987
9326091
9667518
9697054
9704654
9892945
8962014
8979699
610455297
610455534
610471416
610456958
610467526
610455500
610456948
610458457
610471412
610453633
610456956
619744458
568451935
610471412
610458446
568453695
610458449
568453697
610455362
610453609
610462353
610476370
610765884
610766930
610697784
610764787
610697800
610765893
610766936
610697802
610764786
610695943
610765892
610766938
610697815
610764793
610697803
610765898
610766932
610697795
610764773
610765923
610766931
610765886
610766924
