790960
760107
738387
801413
764523
807243
766504
813915
747520
788510
828171
873165
846907
894575
854938
872714
893305
898223
902077
387651
455470
643307
643641
595045
533381
720234
964263
1007089
1261358
966327
1008446
1048769
876421
912948
966802
886943
1056317
974789
1015938
1290300
928598
1057677
1298399
1022229
929509
1313018
1069885
1035323
1320563
1079904
930309
1036834
1323543
1097062
941107
946242
1037509
1338294
1260424
1044332
1342792
1419502
959589
985032
1811410
1046957
1343527
1450608
1816196
1919036
1619636
1517660
1939412
1854461
1380366
1628368
1535380
1685366
1939590
1861919
1630772
1707616
1391388
1944965
1558371
1635662
1960605
1880613
1393461
1579611
1714862
1965829
1895261
1396924
1720759
1636889
1992064
1398160
1606153
1910548
1643283
1731949
1651934
1653387
2124113
2199865
2209222
2388333
2287192
2605391
2212301
2303558
1743690
2223248
2628627
2399635
2315641
2228704
2629008
1751732
2129826
2015588
2232467
2134724
2645614
2322807
1756617
2247747
2160125
2327957
1773542
2177477
2056942
2261255
2666517
2349328
1779838
2693258
2269394
2177551
2089052
2361515
2698556
2773179
2381612
2093239
1795546
2709164
2387975
2418965
1797555
2093941
2775309
2420385
2508575
2777301
2433459
2814405
2716532
2930304
2780601
2720042
2823618
2792178
2437122
2544902
2940163
2438867
2795208
2952286
2548879
2836496
2796746
2568513
2848487
2959913
2748151
2798602
2850013
2973448
2486863
2571719
2758388
2861348
3012677
2582277
2886846
2892571
3041177
2506180
2590473
3066400
2810402
3145932
3253146
3803639
3438113
3067933
3594428
3450818
3162360
3833099
3461711
3283732
3624260
3168631
3101526
3625224
3852565
3504303
3289660
3627738
3853289
3113081
3322680
3180187
3507750
3114542
3858853
3655441
3510053
3183181
3860081
3672848
3183914
3356648
3129173
3513582
3678687
3200828
3418632
3228586
3878780
3729792
3539061
3145537
3430073
3541563
4275601
3732652
3884363
3237296
4005470
3550649
4276320
4524038
3900938
4286341
4600268
4525118
4215129
4443652
4299332
4604771
3904918
4456507
4530536
4222550
4608206
3924780
4544185
4251813
4458251
4382044
4545725
4459652
4621838
4261328
4548053
3979851
4384444
4637237
4556882
3989178
4269362
4471017
4571348
4657672
3991114
4472235
4493551
5163288
4872719
4754750
4660500
4962438
4878624
4660696
5166135
5061760
4661001
4826918
4890498
5105178
5166447
4990857
4830327
4993984
4915789
4838481
5196637
5123998
4678008
4840534
5129131
4922667
5025647
4679491
5152180
4952312
5200063
4848331
4694103
5157099
5029201
4956169
4850391
5203153
5306736
4752686
5234679
5044595
5214826
5591241
5314552
5490079
5265678
5056013
5602777
5675671
5270952
5494681
5328628
5730459
5272278
5497975
5346824
5683033
5617014
5273863
5627776
5691050
5387952
5505550
5633320
5694867
5759000
5522920
5642145
5416501
5280348
5698558
5650970
5561552
5287796
5298170
5672633
5714512
5779412
5780268
5727998
5789875
5729325
6137836
5993179
5790941
6528294
5804621
6002767
5882645
5996583
6143195
6543284
6009194
6406056
6155995
5885345
6563255
5820607
6414635
6162788
6567455
6440037
5893339
6080210
6585345
6165220
5821587
6202984
6456560
5908188
5830447
6469263
6081639
6211648
6198856
5922763
5842670
6478961
5940606
5800738
6111919
6240458
6519937
5844724
5955604
6117736
6255521
6527834
5802049
5958362
6270085
6120627
5803654
6363479
6870143
6908671
6310308
6962928
6641662
6876871
6324572
6964900
6375342
6649305
6917425
6385581
6327359
6967107
6390622
6758419
6336653
6971856
6923237
6337766
6810914
6889044
6923401
6762991
6349356
6980413
6941128
6354982
6610198
6895381
6942447
6850624
6772525
6618014
6618385
7204375
7623798
7541040
7337413
7217226
7688543
7448024
7337775
7217817
7696284
7559261
7486892
7364316
7243358
7563561
7648461
7713265
7249586
7383950
7501560
7579586
7654151
7747964
7257807
7414333
7658994
7590372
7752938
7419197
7679149
7594206
7260131
7419360
7529302
7754675
7594802
7263718
7430967
7537056
7681100
7303033
7600848
7437069
7687452
7540179
7437901
7805630
7303897
7616047
7688121
7910906
7812767
7309239
8211103
7802473
7816681
7922078
8386134
8254209
8602335
8508694
8771680
9005182
9578762
9387151
9179190
9587820
8516425
8773925
9387412
9028136
9216669
9590418
9388186
9239293
8433346
9439890
8519440
9064817
9263956
8524682
8441618
9612884
9264300
9090219
9523085
8444004
9090589
9536204
9614393
8558426
9268989
9548363
8446265
9092818
9287062
9637168
8566272
8472661
9680771
8572621
9104069
8478060
8573932
9887079
9778204
8887674
9697588
8991073
8991802
8889011
9793056
9892191
10022544
8996315
9793204
9708915
10053233
8897992
8807652
8902112
9806726
10054986
9735051
8814431
8909961
9925183
9811801
9742078
8838230
10055883
8910050
9761471
10058081
9948406
9816928
9768458
8838967
10074068
8933879
9953091
9831865
10083056
8849546
10087271
9842604
8851385
9955401
10133287
9869282
9975996
9876298
8979358
9981624
610694161
610693011
610697798
610698702
610764775
610693014
610694162
610697800
610695946
610698711
610764776
610694163
610693019
610695949
610697802
610698723
610764786
610695952
610694167
610693022
610697803
610764787
610698725
610694170
610697784
610693030
610697812
610764790
610695938
610697785
610694152
610697814
610698728
610764793
610697790
610695943
610694155
610697815
610764771
610697791
610765884
610695944
610697816
610694156
610697795
610764772
610765886
610695945
610694157
610471417
610467538
610467563
610467573
610467628
610467630
610764773
610698701
610697796
610471414
610471416
610467526
610475228
610479319
610682971
610473934
610475254
610473930
610479321
610476377
610475203
610693010
610473937
610479328
610475320
610476375
610473924
610475248
610479349
610476383
610475238
610473973
610476366
610475263
610479320
610476376
610474024
610475206
610479311
610473928
610479324
610480313
610475244
610473932
610480314
610476369
610473995
610480331
610479304
610475201
610476380
610480319
610479330
610479306
610765895
610765909
610765887
610765904
610765897
610766939
610765907
610766940
